4294967293,131
4294967293,130
4294967293,129
4294967293,128
4294967293,127
4294967293,126
4294967293,125
4294967293,124
4294967293,123
4294967293,122
4294967293,121
4294967293,120
4294967293,119
4294967293,118
4294967293,117
4294967293,116
4294967293,115
4294967293,114
4294967293,113
4294967293,112
4294967293,111
4294967293,110
4294967293,109
4294967293,108
4294967293,107
4294967293,106
4294967293,105
4294967293,104
4294967293,103
4294967293,102
4294967293,101
4294967293,100
4294967293,99
4294967293,98
4294967293,97
4294967293,96
4294967293,95
4294967293,94
4294967293,93
4294967293,92
4294967293,91
4294967293,90
4294967293,89
4294967293,87
4294967293,86
4294967293,85
4294967293,84
4294967293,83
4294967293,82
4294967293,81
4294967293,80
4294967293,79
4294967293,78
4294967293,77
4294967293,76
4294967293,75
4294967293,74
4294967293,73
4294967293,72
4294967293,71
4294967293,70
4294967293,69
4294967293,68
4294967293,67
4294967293,66
4294967293,65
4294967293,64
4294967293,63
4294967293,62
4294967293,61
4294967293,60
4294967293,59
4294967293,58
4294967293,57
4294967293,56
4294967293,55
4294967293,54
4294967293,53
4294967293,52
4294967293,51
4294967293,50
4294967293,49
4294967293,48
4294967293,47
4294967293,46
4294967293,45
4294967293,44
4294967293,43
4294967293,42
4294967293,41
4294967293,40
4294967293,39
4294967293,38
4294967293,37
4294967293,36
4294967293,35
4294967293,34
4294967293,33
4294967293,32
4294967293,31
4294967293,30
4294967293,29
4294967293,28
4294967293,27
4294967293,26
4294967293,25
4294967293,24
4294967293,23
4294967293,22
4294967293,21
4294967293,20
4294967293,19
4294967293,18
4294967293,17
4294967293,16
4294967293,15
4294967293,14
4294967293,13
4294967293,12
4294967293,11
4294967293,10
4294967293,9
4294967293,8
4294967293,7
4294967293,6
4294967293,5
4294967293,4
4294967293,3
4294967278,308
4294967278,344
4294967278,343
4294967278,307
4294967278,306
4294967278,342
4294967278,341
4294967278,126
4294967278,340
4294967278,339
4294967278,338
4294967278,337
4294967278,234
4294967278,360
4294967278,233
4294967278,120
4294967278,336
4294967278,335
4294967278,334
4294967278,333
4294967278,332
4294967278,113
4294967278,359
4294967278,112
4294967278,331
4294967278,111
4294967278,358
4294967278,110
4294967278,330
4294967278,329
4294967278,328
4294967278,104
4294967278,327
4294967278,326
4294967278,304
4294967278,303
4294967278,302
4294967278,97
4294967278,301
4294967278,300
4294967278,299
4294967278,298
4294967278,93
4294967278,297
4294967278,296
4294967278,91
4294967278,295
4294967278,294
4294967278,201
4294967278,200
4294967278,86
4294967278,199
4294967278,85
4294967278,292
4294967278,291
4294967278,83
4294967278,290
4294967278,289
4294967278,194
4294967278,80
4294967278,193
4294967278,79
4294967278,288
4294967278,353
4294967278,191
4294967278,77
4294967278,190
4294967278,76
4294967278,287
4294967278,75
4294967278,188
4294967278,187
4294967278,73
4294967278,285
4294967278,72
4294967278,185
4294967278,184
4294967278,70
4294967278,183
4294967278,182
4294967278,68
4294967278,181
4294967278,180
4294967278,66
4294967278,284
4294967278,178
4294967278,64
4294967278,177
4294967278,63
4294967278,282
4294967278,62
4294967278,175
4294967278,61
4294967278,173
4294967278,60
4294967278,281
4294967278,59
4294967278,280
4294967278,279
4294967278,169
4294967278,168
4294967278,278
4294967278,166
4294967278,53
4294967278,165
4294967278,277
4294967278,163
4294967278,162
4294967278,276
4294967278,160
4294967278,371
4294967278,275
4294967278,46
4294967278,157
4294967278,45
4294967278,274
4294967278,44
4294967278,273
4294967278,43
4294967278,272
4294967278,42
4294967278,174
4294967278,260
4294967278,271
4294967278,270
4294967278,40
4294967278,269
4294967278,39
4294967278,268
4294967278,38
4294967278,267
4294967278,370
4294967278,36
4294967278,352
4294967278,35
4294967278,351
4294967278,34
4294967278,369
4294967278,33
4294967278,368
4294967278,32
4294967278,367
4294967278,31
4294967278,366
4294967278,30
4294967278,365
4294967278,29
4294967278,138
4294967278,26
4294967278,364
4294967278,24
4294967278,363
4294967278,23
4294967278,22
4294967278,0
4294967278,346
4294967278,350
4294967278,19
4294967278,362
4294967278,17
4294967278,361
4294967278,10
4294967278,349
4294967278,7
4294967278,348
4294967278,6
4294967278,347
4294967278,5
4294967278,345
4294967278,4
4294967279,342
4294967279,132
4294967279,309
4294967279,308
4294967279,129
4294967279,373
4294967279,127
4294967279,341
4294967279,126
4294967279,124
4294967279,340
4294967279,123
4294967279,232
4294967279,231
4294967279,120
4294967279,118
4294967279,339
4294967279,117
4294967279,338
4294967279,116
4294967279,337
4294967279,115
4294967279,372
4294967279,114
4294967279,336
4294967279,113
4294967279,371
4294967279,112
4294967279,335
4294967279,111
4294967279,334
4294967279,110
4294967279,333
4294967279,107
4294967279,332
4294967279,106
4294967279,331
4294967279,105
4294967279,330
4294967279,104
4294967279,329
4294967279,102
4294967279,306
4294967279,100
4294967279,305
4294967279,99
4294967279,304
4294967279,98
4294967279,303
4294967279,302
4294967279,96
4294967279,301
4294967279,95
4294967279,300
4294967279,94
4294967279,299
4294967279,298
4294967279,92
4294967279,297
4294967279,91
4294967279,296
4294967279,295
4294967279,294
4294967279,293
4294967279,86
4294967279,197
4294967279,85
4294967279,196
4294967279,84
4294967279,195
4294967279,194
4294967279,82
4294967279,193
4294967279,81
4294967279,291
4294967279,80
4294967279,191
4294967279,79
4294967279,190
4294967279,78
4294967279,290
4294967279,77
4294967279,188
4294967279,76
4294967279,187
4294967279,288
4294967279,74
4294967279,185
4294967279,73
4294967279,184
4294967279,72
4294967279,287
4294967279,71
4294967279,286
4294967279,285
4294967279,69
4294967279,284
4294967279,283
4294967279,67
4294967279,178
4294967279,66
4294967279,177
4294967279,65
4294967279,282
4294967279,64
4294967279,175
4294967279,63
4294967279,173
4294967279,62
4294967279,281
4294967279,61
4294967279,171
4294967279,60
4294967279,170
4294967279,59
4294967279,169
4294967279,58
4294967279,168
4294967279,279
4294967279,174
4294967279,2
4294967279,88
4294967279,166
4294967279,55
4294967279,165
4294967279,54
4294967279,278
4294967279,53
4294967279,163
4294967279,52
4294967279,162
4294967279,51
4294967279,277
4294967279,276
4294967279,49
4294967279,275
4294967279,158
4294967279,47
4294967279,274
4294967279,46
4294967279,273
4294967279,272
4294967279,271
4294967279,43
4294967279,270
4294967279,269
4294967279,41
4294967279,268
4294967279,40
4294967279,267
4294967279,39
4294967279,266
4294967279,38
4294967279,265
4294967279,375
4294967279,36
4294967279,374
4294967279,34
4294967279,369
4294967279,33
4294967279,368
4294967279,32
4294967279,367
4294967279,31
4294967279,366
4294967279,30
4294967279,365
4294967279,29
4294967279,364
4294967279,28
4294967279,363
4294967279,27
4294967279,26
4294967279,362
4294967279,25
4294967279,361
4294967279,24
4294967279,360
4294967279,23
4294967279,359
4294967279,22
4294967279,358
4294967279,21
4294967279,357
4294967279,20
4294967279,356
4294967279,19
4294967279,355
4294967279,18
4294967279,354
4294967279,17
4294967279,353
4294967279,16
4294967279,352
4294967279,15
4294967279,351
4294967279,14
4294967279,350
4294967279,13
4294967279,349
4294967279,12
4294967279,348
4294967279,11
4294967279,346
4294967279,347
4294967279,10
4294967279,345
4294967279,9
4294967279,344
4294967279,8
4294967279,0
4294967279,260
4294967279,343
4294967279,5
4294967279,310
4294967279,4
4294967294,5
4294967294,734
4294967294,187
4294967294,538
4294967294,720
4294967294,719
21,0
4294967294,741
4294967294,532
4294967294,533
4294967294,387
4294967294,573
4294967294,572
4294967294,183
4294967294,713
4294967294,706
4294967294,1299
4294967294,704
4294967294,571
4294967294,558
4294967294,556
4294967294,540
4294967294,921
4294967294,385
4294967294,207
4294967294,206
4294967294,204
4294967294,205
4294967294,203
4294967294,202
4294967294,201
4294967294,200
4294967294,199
4294967294,198
4294967294,197
4294967294,196
4294967294,195
4294967294,194
4294967294,193
4294967294,192
4294967294,159
4294967294,158
4294967294,157
4294967294,155
4294967294,156
4294967294,154
4294967294,153
4294967294,152
4294967294,151
4294967294,150
4294967294,149
4294967294,148
4294967294,147
4294967294,146
4294967294,145
4294967294,144
4294967294,143
4294967294,142
4294967294,141
4294967294,140
4294967294,138
4294967294,139
4294967294,137
4294967294,136
4294967294,135
4294967294,134
4294967294,133
4294967294,132
4294967294,131
4294967294,130
4294967294,129
4294967294,128
4294967294,919
4294967294,928
4294967294,788
4294967294,768
4294967294,543
4294967294,823
4294967294,770
4294967294,725
4294967294,915
4294967294,59
4294967294,58
4243767290,0
4294967294,635
4294967294,465
4294967294,464
4294967294,463
4294967294,462
4294967294,461
4294967294,670
4294967294,669
4294967294,668
4294967294,667
4294967294,666
4294967294,665
4294967294,664
4294967294,663
4294967294,662
4294967294,661
4294967294,660
4294967294,659
4294967294,658
4294967294,657
4294967294,656
4294967294,655
4294967294,654
4294967294,4
4294967279,103
4294967278,407
4294967278,99
4294967278,98
4294967279,97
4294967294,122
4294967279,93
4294967294,121
4294967278,92
4294967294,917
4294967279,87
4294967294,922
4294967294,769
4294967294,1320
4294967294,1319
4294967279,409
4294967294,1318
4294967294,1317
4294967294,1316
4294967279,408
4294967294,1315
4294967294,1314
4294967294,1309
4294967294,1313
4294967294,1312
4294967294,1307
4294967294,1311
4294967294,1304
4294967294,1310
4294967294,1305
4294967294,1308
4294967279,407
4294967294,1306
4294967294,1835
4294967294,1303
4294967294,1272
4294967294,1271
4294967294,1270
4294967294,1269
4294967294,1268
4294967294,1267
4294967294,1266
4294967294,1265
4294967294,1264
4294967294,1263
4294967294,1262
4294967294,1261
4294967294,1260
4294967294,1259
4294967294,1258
4294967294,1257
4294967294,1256
4294967294,1255
4294967294,1254
4294967294,1253
4294967294,1252
4294967294,1251
4294967294,1250
4294967294,1249
4294967294,1248
4294967294,1247
4294967294,1246
4294967294,1245
4294967294,1244
4294967294,1301
4294967294,1850
4294967294,1243
4294967294,1300
4294967294,1849
4294967294,1242
4294967294,1241
4294967294,1240
4294967294,1239
4294967294,1238
4294967294,1237
4294967294,1236
4294967294,1235
4294967294,1234
4294967294,1233
4294967294,1232
4294967294,1231
4294967294,1230
4294967294,1229
4294967294,1228
4294967294,1227
4294967294,1226
4294967294,1225
4294967294,1224
4294967294,1223
4294967294,1222
4294967294,1221
4294967294,1220
4294967294,1219
4294967294,1218
4294967294,1217
4294967294,1216
4294967294,1297
4294967294,1296
4294967294,1295
4294967294,1293
4294967294,1292
4294967294,1291
4294967294,1290
4294967294,1289
4294967294,1288
4294967294,1287
4294967294,1286
4294967294,1855
4294967294,1854
4294967294,1853
4294967294,1852
4294967294,1851
4294967294,1831
4294967294,1848
4294967294,1847
4294967294,1846
4294967294,1845
4294967294,1844
4294967294,1843
4294967294,1842
4294967294,1841
4294967294,1840
4294967294,1839
4294967294,1838
4294967294,1837
4294967278,84
4294967294,1294
4294967294,1836
4294967278,81
4294967294,1284
4294967294,1285
4294967294,1834
4294967294,1282
4294967294,1283
4294967279,75
4294967294,1833
4294967294,1832
4294967278,74
4294967294,1302
4294967294,1830
4294967278,406
4294967294,1178
4294967294,1177
4294967294,1176
4294967294,1175
4294967294,1174
4294967294,1173
4294967278,67
4294967278,65
4294967294,1172
4294967294,1171
4294967294,1170
4294967278,58
4294967278,405
4294967294,1169
4294967278,56
4294967278,404
4294967278,403
4294967294,1168
4294967294,1167
4294967294,1166
4294967294,1165
4294967294,1164
4294967278,49
4294967294,1163
4294967294,1162
4294967278,48
4294967294,1161
4294967294,1160
4294967294,1159
4294967294,1158
4294967294,1157
4294967294,1156
4294967294,1155
4294967294,1154
4294967294,1153
4294967279,44
4294967294,634
4294967294,633
4294967279,406
4294967279,405
4294967294,460
4294967294,459
4294967294,632
4294967279,404
4294967294,1829
4294967294,730
4294967278,402
4294967279,403
4294967279,137
4294967278,401
4294967278,25
4294967294,1828
4294967294,707
4294967294,631
4294967294,1827
4294967294,446
4294967278,400
4294967294,630
4294967294,458
4294967294,1826
4294967294,388
4294967294,1825
4294967279,402
4294967278,399
4294967278,15
4294967294,629
4294967278,398
4294967278,14
